0 0 303567 7 0
0 1 55590 6 0
26214000 0 303574 7 0
26214000 1 240840 6 0
78643005 1 55596 6 1
117963996 0 303581 7 0
117963996 1 55596 6 0
530841003 0 303588 7 0
530841003 1 55596 6 0
550502014 0 303595 7 0
550502014 1 240840 6 0
602931030 1 55602 6 1
648805969 0 303602 7 0
648805969 1 55602 6 0
910950012 0 303609 7 0
910950012 1 55602 6 0
930611022 0 303616 7 0
930611022 1 240840 6 0
983039978 1 55608 6 1
1028915039 0 303623 7 0
1028915039 1 55608 6 0
1330380004 0 303630 7 0
1330380004 1 55608 6 0
1343487060 0 303637 7 0
1343487060 1 240840 6 0
1395916015 1 55614 6 1
1441791992 0 303644 7 0
1441791992 1 55614 6 0
1723595947 0 303651 7 0
1723595947 1 55614 6 0
1736703979 0 303658 7 0
1736703979 1 240840 6 0
1769472045 0 303665 7 0
1769472045 2 206064 6 0
1769472045 3 817767 6 0
1802239990 1 55620 6 1
1808792968 0 303672 7 0
1808792968 2 361644 6 0
1808792968 3 973347 6 0
1841560913 0 303679 7 0
1841560913 1 55620 6 0
1887436035 4 840815 24 0
1939864990 2 18046 1 0
1939864990 3 287047 1 0
1946418945 5 140946 6 0
1946418945 4 211167 6 0
1946418945 2 878231 2 0
1946418945 3 1002245 2 0
1946418945 6 725318 1 0
1946418945 2 206064 6 0
1946418945 3 817767 6 0
1946418945 4 760114 1 0
1946418945 0 303686 24 0
2070937011 4 840815 1 0
2116812011 0 303710 3 0
2116812011 2 878231 2 0
2116812011 3 1002245 2 0
2175795166 1 269732 2 0
2175795166 7 270734 2 0
2215115966 1 269732 2 1
2221669921 0 303713 7 0
2221669921 1 55620 6 0
2234776855 0 303720 3 0
2234776855 2 878231 2 0
2234776855 3 1002245 2 0
2267544921 0 303723 7 0
2267544921 1 240840 6 0
2319973876 1 55638 6 1
2326528076 8 146150 5 0
2333081054 9 31682 5 0
2346187988 1 269732 2 0
2346187988 7 270734 2 0
2346187988 8 450542 2 0
2346187988 9 450542 2 0
2365849121 0 303730 7 0
2365849121 1 55638 6 0
2398616943 8 146150 1 0
2398616943 9 31682 1 0
2778726074 0 303737 7 0
2778726074 1 55638 6 0
2804939941 0 303744 7 0
2804939941 1 240840 6 0
2844261962 1 55656 6 1
2883583984 0 303751 7 0
2883583984 1 55656 6 0
3224370849 0 303758 7 0
3224370849 1 55656 6 0
3224370849 10 619165 1 1
3244031005 0 303765 7 0
3244031005 1 240840 6 0
3289906982 1 55662 6 1
3329228027 0 303772 7 0
3329228027 1 55662 6 0
3565157958 10 618195 1 1
3781427001 0 303779 7 0
3781427001 1 55662 6 0
3801088134 0 303786 7 0
3807641113 1 240840 6 0
3853516113 1 55668 6 1
3866624023 10 618773 1 1
